---- 1. V=5 K=2 N=[100, 1000] ----
12
24
15
23
20
20
27
48
48
48
---- 2. V=5 K=2 N=[100, 1000] ----
11
22
20
21
29
29
17
44
44
44
---- 1. V=[10, 50, 250, 1000] K= [1, 2, 4, 8] N=1000 ----
27
66
127

---- 2. V=[10, 50, 250, 1000] K= [1, 2, 4, 8] N=1000 ----
18
44
70
98
---- 2. V=8 K=1 N=1681 ----
80
---- 1. V=8 K=1 N=1681 ----

---- 1. N=1000 V=8 K=2  I=1000----
45
48
27
65
48
44
48
74
36
51
40
54
53
35
46
60
39
54
71
53
51
62
39
56
42
56
39
45
52
53
63
54
47
75
36
64
51
85
67
56
44
40
62
46
47
56
41
36
76
58
66
44
33
72
51
64
75
48
53
56
44
54
61
69
39
45
63
61
57
58
63
55
39
64
53
44
33
57
77
48
43
47
56
59
38
51
50
56
71
77
41
52
49
48
47
60
34
56
53
78
---- 2. N=1000 V=8 K=2  I=1000----
46
38
36
25
43
32
26
38
28
41
32
25
38
34
48
39
46
35
40
43
36
34
35
43
51
45
48
47
52
48
40
42
28
37
51
33
24
24
36
22
37
37
28
28
57
37
39
33
32
31
40
27
45
32
37
45
50
43
25
31
41
19
35
48
32
44
41
21
39
42
27
29
33
37
39
27
41
31
42
50
34
43
31
37
51
36
29
47
27
24
31
37
47
38
27
39
30
32
31
30
